1.000,0.944,0.898,0.705,0.576,0.414,0.401,0.255,0.066,0.157,0.394
0.944,1.000,0.869,0.743,0.521,0.233,0.391,0.238,0.074,0.132,0.358
0.898,0.869,1.000,0.601,0.702,0.446,0.391,0.448,0.079,0.223,0.557
0.705,0.743,0.601,1.000,0.283,0.162,0.221,0.118,0.162,0.235,0.242
0.576,0.521,0.702,0.283,1.000,0.529,0.392,0.336,-0.071,0.042,0.443
0.414,0.233,0.446,0.162,0.529,1.000,0.650,0.040,0.088,-0.003,0.123
0.401,0.391,0.391,0.221,0.392,0.650,1.000,0.036,0.114,0.073,0.092
0.255,0.238,0.448,0.118,0.336,0.040,0.036,1.000,0.353,0.355,0.965
0.066,0.074,0.079,0.162,-0.071,0.088,0.114,0.353,1.000,0.262,0.379
0.157,0.132,0.223,0.235,0.042,-0.003,0.073,0.355,0.262,1.000,0.392
0.394,0.358,0.557,0.242,0.443,0.123,0.092,0.965,0.379,0.392,1.000